train at 2023-05-18 22:24:14
Epoch:      1 - loss:4085.75878906 [gen:4085.07031250, dis:  0.68838400] - time:   0:00:03.65
Epoch:      1 - acc:0.5
Epoch:      2 - loss:4043.15747070 [gen:4042.47558594, dis:  0.68194932] - time:   0:00:06.35
Epoch:      2 - acc:0.6000000238418579
