train at 2023-05-18 22:19:31
Epoch:      1 - loss:187.44424438 [gen:186.75216675, dis:  0.69207680] - time:   0:00:25.22
Epoch:      1 - acc:0.5
