train at 2023-05-18 22:12:12
Epoch:      0 - loss: 10.19000551 [gen:  8.79660488, dis:  1.39340063] - time:   0:00:11.36
Epoch:      0 - acc:0.5
Epoch:      1 - loss: 10.28836406 [gen:  8.86988923, dis:  1.41847484] - time:   0:00:21.55
Epoch:      1 - acc:0.5
